4294967294,0
4294967278,39
4294967278,37
4294967278,35
4294967278,26
4294967278,15
4294967279,39
4294967279,36
4294967279,26
4294967279,25
4294967279,23
4294967279,21
4294967279,13
4294967278,432
4294967278,104
4294967278,25
4294967278,23
4294967278,14
4294967278,13
4294967278,12
4294967279,132
4294967279,131
4294967279,130
4294967279,129
4294967279,127
4294967279,118
4294967279,117
4294967279,115
4294967279,104
4294967279,102
4294967279,135
4294967278,135
4294967279,318
4294967278,415
4294967279,378
4294967279,272
4294967279,269
4294967279,267
4294967278,266
4294967278,265
4294967279,284
4294967294,1499
4294967294,1498
4294967294,1431
4294967294,1421
4294967279,566
337,6
343,4
343,5
342,4
342,5
337,4
4294967278,440
4294967278,93
4294967278,91
4294967279,95
4294967279,94
4294967279,93
4294967279,91
4294967279,89
4294967279,85
4294967279,231
4294967278,230
4294967278,439
4294967278,199
4294967279,199
4294967278,198
4294967278,407
4294967279,198
4294967279,343
4294967279,83
4294967279,74
4294967279,181
4294967278,179
4294967278,178
4294967278,177
4294967278,173
4294967279,173
4294967279,172
4294967278,171
4294967279,171
4294967278,160
4294967278,82
4294967279,80
4294967279,317
72,8
72,0
4294967279,146
4294967279,353
4294967278,254
4294967279,136
4294967278,263
4294967278,211
4294967278,200
4294967279,73
4294967279,72
4294967279,71
4294967279,64
4294967278,187
4294967278,166
4294967279,166
4294967278,165
4294967279,165
4294967278,161
4294967279,161
4294967279,62
4294967279,61
4294967279,59
4294967279,53
4294967279,174
4294967278,399
4294967278,143
4294967279,264
72,7
72,1
72,6
4294967278,356
4294967279,213
4294967279,212
4294967279,200
4294967278,396
4294967279,292
4294967278,192
4294967279,52
4294967279,51
4294967279,50
4294967279,48
4294967279,40
4294967279,35
4294967279,32
4294967278,190
4294967279,190
4294967278,406
4294967279,185
4294967279,170
4294967278,164
4294967278,251
4294967278,447
4294967279,155
0,7
4294967278,155
4294967278,248
4294967279,151
4294967278,151
4294967279,380
4294967279,18
4294967279,16
4294967279,14
4294967279,11
4294967278,148
4294967278,146
4294967279,143
4294967279,268
4294967278,280
4294967278,267
4294967279,523
4294967279,562
4294967278,428
4294967279,259
279,7
281,6
4294967279,320
4294967279,9
4294967279,8
4294967279,6
241,5
4294967294,1549
4294967279,315
4294967279,260
310,5
310,4
309,4
307,5
307,4
79,6
79,5
4294967278,237
4294967279,236
4294967279,211
4294967294,976
4294967279,210
4294967278,209
4294967279,209
4294967279,314
4294967279,205
4294967278,204
4294967278,246
4294967279,202
4294967279,194
4294967278,193
4294967278,108
4294967278,106
4294967279,107
4294967279,105
4294967278,191
4294967278,189
4294967278,185
4294967278,421
4294967278,180
4294967279,180
4294967278,163
4294967279,163
4294967278,162
4294967278,153
4294967279,148
4294967278,96
4294967278,95
4294967279,96
4294967279,147
4294967278,145
4294967279,144
4294967279,537
4294967278,140
4294967279,138
4294967278,138
4294967279,273
4294967278,136
4294967278,442
4294967279,321
4294967278,244
4294967278,339
4294967278,431
4294967278,84
4294967278,83
4294967279,82
4294967279,246
4294967279,516
4294967278,384
4294967278,427
4294967279,354
4294967279,227
4294967278,226
4294967279,225
4294967278,224
325,4
4294967294,1457
4294967278,402
4294967278,282
309,6
4294967279,332
4294967278,71
180,5
4294967278,372
299,2
4294967294,469
4294967278,239
4294967278,175
76,5
74,5
4294967279,382
4294967279,169
4294967279,374
73,2
4294967278,298
4294967279,326
4294967279,164
4294967294,1413
4294967294,83
4294967278,233
4294967279,162
4294967279,160
4294967278,159
4294967279,159
4294967278,157
4294967279,367
4294967279,154
4294967278,154
4294967279,153
4294967279,152
79,4
323,4
323,5
4294967278,150
4294967279,149
4294967278,149
4294967294,1550
73,5
73,4
4294967278,147
4294967279,557
4294967278,446
72,2
4294967278,403
4294967278,81
4294967278,79
4294967278,70
4294967278,69
4294967278,68
4294967278,66
4294967278,58
4294967278,57
4294967278,56
4294967278,55
4294967278,53
4294967278,45
4294967278,44
4294967278,43
4294967278,40
4294967278,38
4294967278,32
4294967278,30
4294967278,29
4294967278,20
4294967278,19
4294967278,10
4294967279,70
4294967279,69
4294967279,67
4294967279,57
4294967279,56
4294967279,54
4294967279,44
4294967279,41
4294967279,31
4294967279,30
4294967279,29
4294967279,22
4294967279,20
4294967279,19
4294967279,145
238,4
4294967294,1544
279,4
279,8
72,5
4294967279,142
72,4
91,4
90,7
90,5
180,6
111,5
4294967294,1464
306,4
268,5
270,5
272,5
4294967294,1546
4,4
4294967294,1465
291,4
156,4
4294967278,379
309,7
309,5
4294967294,1516
4294967294,1500
4294967294,1532
4294967294,489
4294967294,477
4294967294,1531
4294967294,492
4294967294,485
4294967294,1495
4294967294,494
4294967294,493
4294967294,1441
4294967294,1527
4294967294,1525
4294967294,1523
4294967294,1467
4294967294,488
4294967294,486
4294967294,479
4294967294,917
4294967294,27
4294967294,104
4294967294,106
4294967294,160
4294967279,329
300,2
4294967278,229
4294967278,227
4294967278,260
70,2
4294967278,245
299,4
282,7
282,6
282,5
282,4
4294967294,487
70,4
300,5
4294967294,440
4294967279,313
299,6
299,5
142,4
4294967294,1481
300,4
4294967294,1547
4294967294,491
4294967279,371
167,4
4294967294,1468
4294967294,1492
4294967294,969
4294967294,422
4294967294,444
4294967294,430
4294967294,103
4294967294,166
4294967294,168
4294967294,113
4294967294,46
4294967294,112
4294967294,92
4294967294,35
4294967294,1548
4294967294,115
4294967294,165
4294967294,111
4294967294,518
4294967294,441
4294967294,425
4294967294,427
4294967294,1409
4294967294,1410
4294967294,1408
4294967294,428
4294967294,532
4294967294,421
4294967294,424
4294967294,2
4294967294,109
4294967294,108
4294967294,517
4294967294,1
4294967294,5
4294967294,456
4294967294,1444
4294967294,451
4294967294,453
4294967294,455
4294967294,423
4294967294,416
4294967294,395
4294967294,24
4294967294,905
4294967294,454
4294967294,443
4294967294,528
4294967294,162
4294967294,95
4294967294,419
4294967294,68
4294967294,81
4294967294,12
4294967294,11
4294967279,532
4294967278,221
4294967278,426
4294967279,512
4294967278,223
4294967279,361
4294967279,311
4294967278,387
4294967279,334
4294967278,42
4294967279,43
4294967279,38
4294967279,333
4294967278,219
304,2
349,14
349,0
4294967278,465
349,13
349,12
349,11
4294967279,308
4294967278,375
4294967279,307
296,2
4294967279,383
4294967278,350
4294967294,1455
375,46
375,0
4294967278,464
375,30
375,45
375,44
375,43
4294967278,463
375,42
375,41
375,40
375,39
375,38
375,20
375,37
375,36
375,17
4294967278,462
375,35
375,34
375,33
375,32
375,31
375,23
375,29
4294967278,461
375,28
375,27
375,26
375,25
375,24
4294967278,460
375,22
375,21
375,19
4294967278,459
375,18
375,16
375,13
375,15
375,14
375,11
4294967278,458
375,12
375,10
375,5
375,9
375,8
375,7
375,6
4294967278,457
4294967279,306
235,2
233,2
4294967279,342
4294967279,359
4294967278,436
4294967278,435
4294967278,27
4294967278,18
4294967278,16
4294967279,335
4294967279,156
4294967279,27
4294967279,17
4294967278,438
4294967279,305
4294967294,496
4294967294,497
4294967294,1446
325,53
325,0
325,49
325,64
325,52
4294967278,456
325,51
325,50
325,45
325,48
325,47
4294967278,455
325,46
325,39
325,44
325,43
325,42
325,41
4294967278,454
325,40
325,34
325,38
325,37
325,36
325,35
325,17
325,33
325,32
4294967278,453
325,31
325,28
325,30
325,29
325,26
325,27
325,10
4294967278,452
325,25
325,24
325,23
325,22
325,21
325,11
325,20
325,15
4294967278,451
325,19
325,18
325,16
325,14
325,13
4294967278,450
325,12
325,5
325,9
325,8
325,7
325,6
4294967278,449
4294967279,303
304,4
303,13
303,0
303,12
303,11
303,5
303,10
303,9
303,8
4294967278,448
4294967278,88
303,7
303,1
303,6
303,2
4294967279,302
4294967279,0
303,4
4294967279,376
296,6
296,5
296,4
293,26
293,0
293,20
293,25
293,24
293,19
293,23
4294967278,395
293,22
293,21
293,17
293,15
293,18
293,14
293,16
4294967278,394
293,11
293,13
293,6
293,12
293,10
293,5
293,9
293,8
293,1
293,7
293,2
4294967278,393
4294967278,0
182,2
293,4
4294967294,1433
255,9
255,8
255,7
255,6
255,5
255,4
4294967294,25
4294967294,478
250,8
250,7
250,6
250,5
250,4
4294967294,1462
4294967294,22
4294967294,17
4294967294,82
4294967294,42
4294967294,67
4294967294,99
4294967294,76
4294967294,36
4294967294,41
4294967294,43
4294967294,51
4294967294,1535
4294967294,26
236,40
236,0
236,39
236,33
236,38
236,37
236,36
4294967278,392
236,35
236,34
236,30
236,32
236,31
236,24
236,29
4294967278,391
236,28
236,27
236,26
236,25
236,20
236,23
236,22
236,17
236,21
236,19
236,18
236,12
236,16
236,15
236,14
236,13
236,10
236,11
4294967278,385
236,9
236,5
236,8
236,7
236,1
236,6
236,2
236,4
174,2
235,6
235,5
235,4
4294967278,383
4294967278,341
4294967279,357
233,6
233,5
233,4
231,25
231,0
231,24
231,23
231,18
231,22
231,21
231,20
231,19
231,13
231,17
231,16
4294967278,382
231,15
231,14
231,10
231,12
231,11
231,9
231,5
0,5
231,8
231,7
231,1
231,6
231,2
4294967279,358
231,4
4294967294,7
4294967294,6
230,29
230,0
4294967278,381
230,28
230,27
230,26
230,14
230,25
230,24
230,23
230,11
230,22
230,13
230,21
230,20
230,19
230,18
230,12
230,17
230,16
230,15
230,6
230,5
230,10
4294967278,377
230,9
230,8
230,1
230,7
230,2
4294967294,1449
4294967279,355
273,5
273,2
273,4
230,4
228,23
228,0
228,22
228,21
228,20
228,19
228,18
228,17
228,16
228,15
228,14
228,5
228,13
228,12
4294967278,373
228,11
228,10
228,1
228,9
228,2
4294967279,375
4294967278,424
68,2
228,8
228,7
228,6
228,4
225,48
225,0
225,47
225,46
225,45
225,44
225,43
225,42
225,41
225,40
225,39
225,35
225,38
4294967278,371
225,37
225,36
225,32
225,30
225,34
225,33
4294967278,370
225,25
225,31
225,27
225,29
225,28
225,22
225,26
225,18
4294967278,369
225,24
225,23
225,20
225,21
225,13
225,19
225,15
225,17
225,11
225,16
4294967278,368
225,14
225,5
225,12
225,10
225,6
225,9
225,8
225,1
225,7
225,2
4294967278,348
43,2
225,4
223,13
223,0
223,12
223,6
223,11
223,10
223,5
223,9
223,8
223,1
223,7
223,2
218,2
223,4
221,108
221,107
221,106
221,105
4294967278,366
221,104
221,103
221,102
221,101
221,100
221,99
221,98
221,97
221,96
221,56
221,95
221,94
221,55
221,93
221,54
221,53
221,47
221,92
221,91
221,90
221,89
221,88
221,87
221,86
221,85
221,52
221,84
221,83
221,82
221,51
221,81
221,80
221,79
221,78
